Bode data: BOD

column  1   Frequency (Hz)
column  2   Gain (dB)
column  3   Gain (Linear)
column  4   Phase (Deg)
trace name:  Bode Result

Color: 255
Gain_Range_Start: 3,162278e-004
Gain_Range_End: 3,162278e+000
Phase_Range_Start: -7,200000e+002
Phase_Range_End: 7,200000e+002
  Frequency     Gain (dB)       Gain          Phase
-------------------------------------------------------
 1,00000e-003 -3,70252e+001  1,40845e-002  1,77447e-002
 1,02329e-003 -3,70252e+001  1,40845e-002  1,81580e-002
 1,04713e-003 -3,70252e+001  1,40845e-002  1,85810e-002
 1,07152e-003 -3,70252e+001  1,40845e-002  1,90138e-002
 1,09648e-003 -3,70252e+001  1,40845e-002  1,94567e-002
 1,12202e-003 -3,70252e+001  1,40845e-002  1,99099e-002
 1,14815e-003 -3,70252e+001  1,40845e-002  2,03736e-002
 1,17490e-003 -3,70252e+001  1,40845e-002  2,08482e-002
 1,20226e-003 -3,70252e+001  1,40845e-002  2,13338e-002
 1,23027e-003 -3,70252e+001  1,40845e-002  2,18308e-002
 1,25893e-003 -3,70252e+001  1,40845e-002  2,23393e-002
 1,28825e-003 -3,70252e+001  1,40845e-002  2,28596e-002
 1,31826e-003 -3,70252e+001  1,40845e-002  2,33921e-002
 1,34896e-003 -3,70252e+001  1,40845e-002  2,39369e-002
 1,38038e-003 -3,70252e+001  1,40845e-002  2,44945e-002
 1,41254e-003 -3,70252e+001  1,40845e-002  2,50651e-002
 1,44544e-003 -3,70252e+001  1,40845e-002  2,56489e-002
 1,47911e-003 -3,70252e+001  1,40845e-002  2,62463e-002
 1,51356e-003 -3,70252e+001  1,40845e-002  2,68577e-002
 1,54882e-003 -3,70252e+001  1,40845e-002  2,74833e-002
 1,58489e-003 -3,70252e+001  1,40845e-002  2,81235e-002
 1,62181e-003 -3,70252e+001  1,40845e-002  2,87785e-002
 1,65959e-003 -3,70252e+001  1,40845e-002  2,94489e-002
 1,69824e-003 -3,70252e+001  1,40845e-002  3,01348e-002
 1,73780e-003 -3,70252e+001  1,40845e-002  3,08368e-002
 1,77828e-003 -3,70252e+001  1,40845e-002  3,15550e-002
 1,81970e-003 -3,70252e+001  1,40845e-002  3,22900e-002
 1,86209e-003 -3,70252e+001  1,40845e-002  3,30422e-002
 1,90546e-003 -3,70252e+001  1,40845e-002  3,38118e-002
 1,94984e-003 -3,70252e+001  1,40845e-002  3,45994e-002
 1,99526e-003 -3,70252e+001  1,40845e-002  3,54053e-002
 2,04174e-003 -3,70252e+001  1,40845e-002  3,62300e-002
 2,08930e-003 -3,70252e+001  1,40845e-002  3,70739e-002
 2,13796e-003 -3,70252e+001  1,40845e-002  3,79375e-002
 2,18776e-003 -3,70252e+001  1,40845e-002  3,88212e-002
 2,23872e-003 -3,70252e+001  1,40845e-002  3,97254e-002
 2,29087e-003 -3,70252e+001  1,40845e-002  4,06508e-002
 2,34423e-003 -3,70252e+001  1,40845e-002  4,15976e-002
 2,39883e-003 -3,70252e+001  1,40845e-002  4,25666e-002
 2,45471e-003 -3,70252e+001  1,40845e-002  4,35581e-002
 2,51189e-003 -3,70252e+001  1,40845e-002  4,45727e-002
 2,57040e-003 -3,70252e+001  1,40845e-002  4,56109e-002
 2,63027e-003 -3,70252e+001  1,40845e-002  4,66733e-002
 2,69153e-003 -3,70252e+001  1,40845e-002  4,77605e-002
 2,75423e-003 -3,70252e+001  1,40845e-002  4,88730e-002
 2,81838e-003 -3,70252e+001  1,40845e-002  5,00114e-002
 2,88403e-003 -3,70252e+001  1,40845e-002  5,11763e-002
 2,95121e-003 -3,70252e+001  1,40845e-002  5,23683e-002
 3,01995e-003 -3,70252e+001  1,40845e-002  5,35881e-002
 3,09030e-003 -3,70252e+001  1,40845e-002  5,48364e-002
 3,16228e-003 -3,70252e+001  1,40845e-002  5,61137e-002
 3,23594e-003 -3,70252e+001  1,40845e-002  5,74207e-002
 3,31131e-003 -3,70252e+001  1,40845e-002  5,87582e-002
 3,38844e-003 -3,70252e+001  1,40845e-002  6,01269e-002
 3,46737e-003 -3,70252e+001  1,40845e-002  6,15274e-002
 3,54813e-003 -3,70252e+001  1,40845e-002  6,29606e-002
 3,63078e-003 -3,70252e+001  1,40845e-002  6,44271e-002
 3,71535e-003 -3,70252e+001  1,40845e-002  6,59278e-002
 3,80189e-003 -3,70252e+001  1,40845e-002  6,74635e-002
 3,89045e-003 -3,70252e+001  1,40845e-002  6,90349e-002
 3,98107e-003 -3,70252e+001  1,40845e-002  7,06429e-002
 4,07380e-003 -3,70252e+001  1,40845e-002  7,22884e-002
 4,16869e-003 -3,70252e+001  1,40845e-002  7,39722e-002
 4,26580e-003 -3,70252e+001  1,40845e-002  7,56952e-002
 4,36516e-003 -3,70252e+001  1,40845e-002  7,74584e-002
 4,46684e-003 -3,70252e+001  1,40845e-002  7,92626e-002
 4,57088e-003 -3,70252e+001  1,40845e-002  8,11089e-002
 4,67735e-003 -3,70252e+001  1,40845e-002  8,29982e-002
 4,78630e-003 -3,70252e+001  1,40845e-002  8,49314e-002
 4,89779e-003 -3,70252e+001  1,40845e-002  8,69097e-002
 5,01187e-003 -3,70252e+001  1,40845e-002  8,89341e-002
 5,12861e-003 -3,70252e+001  1,40845e-002  9,10057e-002
 5,24807e-003 -3,70252e+001  1,40845e-002  9,31254e-002
 5,37032e-003 -3,70252e+001  1,40845e-002  9,52946e-002
 5,49541e-003 -3,70252e+001  1,40845e-002  9,75143e-002
 5,62341e-003 -3,70252e+001  1,40845e-002  9,97857e-002
 5,75440e-003 -3,70252e+001  1,40845e-002  1,02110e-001
 5,88844e-003 -3,70252e+001  1,40845e-002  1,04488e-001
 6,02560e-003 -3,70252e+001  1,40845e-002  1,06922e-001
 6,16595e-003 -3,70252e+001  1,40845e-002  1,09413e-001
 6,30957e-003 -3,70251e+001  1,40845e-002  1,11961e-001
 6,45654e-003 -3,70251e+001  1,40845e-002  1,14569e-001
 6,60693e-003 -3,70251e+001  1,40845e-002  1,17238e-001
 6,76083e-003 -3,70251e+001  1,40845e-002  1,19969e-001
 6,91831e-003 -3,70251e+001  1,40845e-002  1,22763e-001
 7,07946e-003 -3,70251e+001  1,40845e-002  1,25623e-001
 7,24436e-003 -3,70251e+001  1,40845e-002  1,28549e-001
 7,41310e-003 -3,70251e+001  1,40845e-002  1,31543e-001
 7,58578e-003 -3,70251e+001  1,40845e-002  1,34607e-001
 7,76247e-003 -3,70251e+001  1,40845e-002  1,37742e-001
 7,94328e-003 -3,70251e+001  1,40846e-002  1,40951e-001
 8,12831e-003 -3,70251e+001  1,40846e-002  1,44234e-001
 8,31764e-003 -3,70251e+001  1,40846e-002  1,47594e-001
 8,51138e-003 -3,70251e+001  1,40846e-002  1,51032e-001
 8,70964e-003 -3,70251e+001  1,40846e-002  1,54550e-001
 8,91251e-003 -3,70251e+001  1,40846e-002  1,58149e-001
 9,12011e-003 -3,70251e+001  1,40846e-002  1,61833e-001
 9,33254e-003 -3,70251e+001  1,40846e-002  1,65603e-001
 9,54993e-003 -3,70251e+001  1,40846e-002  1,69460e-001
 9,77237e-003 -3,70251e+001  1,40846e-002  1,73407e-001
 1,00000e-002 -3,70251e+001  1,40846e-002  1,77446e-001
 1,02329e-002 -3,70251e+001  1,40846e-002  1,81580e-001
 1,04713e-002 -3,70251e+001  1,40846e-002  1,85809e-001
 1,07152e-002 -3,70251e+001  1,40846e-002  1,90137e-001
 1,09648e-002 -3,70251e+001  1,40846e-002  1,94566e-001
 1,12202e-002 -3,70251e+001  1,40846e-002  1,99098e-001
 1,14815e-002 -3,70251e+001  1,40846e-002  2,03736e-001
 1,17490e-002 -3,70251e+001  1,40846e-002  2,08481e-001
 1,20226e-002 -3,70251e+001  1,40846e-002  2,13337e-001
 1,23027e-002 -3,70251e+001  1,40846e-002  2,18306e-001
 1,25893e-002 -3,70251e+001  1,40846e-002  2,23391e-001
 1,28825e-002 -3,70251e+001  1,40846e-002  2,28595e-001
 1,31826e-002 -3,70251e+001  1,40846e-002  2,33919e-001
 1,34896e-002 -3,70251e+001  1,40846e-002  2,39368e-001
 1,38038e-002 -3,70251e+001  1,40846e-002  2,44944e-001
 1,41254e-002 -3,70251e+001  1,40846e-002  2,50649e-001
 1,44544e-002 -3,70251e+001  1,40847e-002  2,56487e-001
 1,47911e-002 -3,70251e+001  1,40847e-002  2,62461e-001
 1,51356e-002 -3,70251e+001  1,40847e-002  2,68575e-001
 1,54882e-002 -3,70251e+001  1,40847e-002  2,74831e-001
 1,58489e-002 -3,70251e+001  1,40847e-002  2,81232e-001
 1,62181e-002 -3,70251e+001  1,40847e-002  2,87783e-001
 1,65959e-002 -3,70250e+001  1,40847e-002  2,94486e-001
 1,69824e-002 -3,70250e+001  1,40847e-002  3,01345e-001
 1,73780e-002 -3,70250e+001  1,40847e-002  3,08365e-001
 1,77828e-002 -3,70250e+001  1,40847e-002  3,15547e-001
 1,81970e-002 -3,70250e+001  1,40847e-002  3,22897e-001
 1,86209e-002 -3,70250e+001  1,40847e-002  3,30418e-001
 1,90546e-002 -3,70250e+001  1,40848e-002  3,38114e-001
 1,94984e-002 -3,70250e+001  1,40848e-002  3,45990e-001
 1,99526e-002 -3,70250e+001  1,40848e-002  3,54049e-001
 2,04174e-002 -3,70250e+001  1,40848e-002  3,62295e-001
 2,08930e-002 -3,70250e+001  1,40848e-002  3,70734e-001
 2,13796e-002 -3,70250e+001  1,40848e-002  3,79369e-001
 2,18776e-002 -3,70250e+001  1,40848e-002  3,88206e-001
 2,23872e-002 -3,70250e+001  1,40849e-002  3,97248e-001
 2,29087e-002 -3,70249e+001  1,40849e-002  4,06501e-001
 2,34423e-002 -3,70249e+001  1,40849e-002  4,15969e-001
 2,39883e-002 -3,70249e+001  1,40849e-002  4,25658e-001
 2,45471e-002 -3,70249e+001  1,40849e-002  4,35572e-001
 2,51189e-002 -3,70249e+001  1,40849e-002  4,45717e-001
 2,57040e-002 -3,70249e+001  1,40850e-002  4,56099e-001
 2,63027e-002 -3,70249e+001  1,40850e-002  4,66723e-001
 2,69153e-002 -3,70249e+001  1,40850e-002  4,77593e-001
 2,75423e-002 -3,70248e+001  1,40850e-002  4,88717e-001
 2,81838e-002 -3,70248e+001  1,40851e-002  5,00100e-001
 2,88403e-002 -3,70248e+001  1,40851e-002  5,11749e-001
 2,95121e-002 -3,70248e+001  1,40851e-002  5,23668e-001
 3,01995e-002 -3,70248e+001  1,40851e-002  5,35865e-001
 3,09030e-002 -3,70248e+001  1,40852e-002  5,48346e-001
 3,16228e-002 -3,70247e+001  1,40852e-002  5,61118e-001
 3,23594e-002 -3,70247e+001  1,40852e-002  5,74187e-001
 3,31131e-002 -3,70247e+001  1,40853e-002  5,87561e-001
 3,38844e-002 -3,70247e+001  1,40853e-002  6,01246e-001
 3,46737e-002 -3,70247e+001  1,40853e-002  6,15250e-001
 3,54813e-002 -3,70246e+001  1,40854e-002  6,29579e-001
 3,63078e-002 -3,70246e+001  1,40854e-002  6,44243e-001
 3,71535e-002 -3,70246e+001  1,40855e-002  6,59248e-001
 3,80189e-002 -3,70245e+001  1,40855e-002  6,74602e-001
 3,89045e-002 -3,70245e+001  1,40856e-002  6,90314e-001
 3,98107e-002 -3,70245e+001  1,40856e-002  7,06392e-001
 4,07380e-002 -3,70245e+001  1,40857e-002  7,22844e-001
 4,16869e-002 -3,70244e+001  1,40857e-002  7,39679e-001
 4,26580e-002 -3,70244e+001  1,40858e-002  7,56907e-001
 4,36516e-002 -3,70244e+001  1,40858e-002  7,74535e-001
 4,46684e-002 -3,70243e+001  1,40859e-002  7,92574e-001
 4,57088e-002 -3,70243e+001  1,40860e-002  8,11033e-001
 4,67735e-002 -3,70242e+001  1,40860e-002  8,29922e-001
 4,78630e-002 -3,70242e+001  1,40861e-002  8,49250e-001
 4,89779e-002 -3,70241e+001  1,40862e-002  8,69028e-001
 5,01187e-002 -3,70241e+001  1,40863e-002  8,89267e-001
 5,12861e-002 -3,70240e+001  1,40863e-002  9,09977e-001
 5,24807e-002 -3,70240e+001  1,40864e-002  9,31170e-001
 5,37032e-002 -3,70239e+001  1,40865e-002  9,52855e-001
 5,49541e-002 -3,70239e+001  1,40866e-002  9,75046e-001
 5,62341e-002 -3,70238e+001  1,40867e-002  9,97753e-001
 5,75440e-002 -3,70237e+001  1,40868e-002  1,02099e+000
 5,88844e-002 -3,70237e+001  1,40869e-002  1,04476e+000
 6,02560e-002 -3,70236e+001  1,40870e-002  1,06909e+000
 6,16595e-002 -3,70235e+001  1,40871e-002  1,09399e+000
 6,30957e-002 -3,70235e+001  1,40873e-002  1,11947e+000
 6,45654e-002 -3,70234e+001  1,40874e-002  1,14553e+000
 6,60693e-002 -3,70233e+001  1,40875e-002  1,17221e+000
 6,76083e-002 -3,70232e+001  1,40877e-002  1,19951e+000
 6,91831e-002 -3,70231e+001  1,40878e-002  1,22744e+000
 7,07946e-002 -3,70230e+001  1,40880e-002  1,25602e+000
 7,24436e-002 -3,70229e+001  1,40882e-002  1,28527e+000
 7,41310e-002 -3,70228e+001  1,40883e-002  1,31519e+000
 7,58578e-002 -3,70227e+001  1,40885e-002  1,34582e+000
 7,76247e-002 -3,70226e+001  1,40887e-002  1,37715e+000
 7,94328e-002 -3,70225e+001  1,40889e-002  1,40922e+000
 8,12831e-002 -3,70223e+001  1,40891e-002  1,44203e+000
 8,31764e-002 -3,70222e+001  1,40893e-002  1,47560e+000
 8,51138e-002 -3,70221e+001  1,40895e-002  1,50995e+000
 8,70964e-002 -3,70219e+001  1,40898e-002  1,54511e+000
 8,91251e-002 -3,70218e+001  1,40900e-002  1,58108e+000
 9,12011e-002 -3,70216e+001  1,40903e-002  1,61789e+000
 9,33254e-002 -3,70214e+001  1,40906e-002  1,65555e+000
 9,54993e-002 -3,70213e+001  1,40908e-002  1,69409e+000
 9,77237e-002 -3,70211e+001  1,40911e-002  1,73353e+000
 1,00000e-001 -3,70209e+001  1,40915e-002  1,77388e+000
 1,02329e-001 -3,70207e+001  1,40918e-002  1,81517e+000
 1,04713e-001 -3,70205e+001  1,40921e-002  1,85742e+000
 1,07152e-001 -3,70202e+001  1,40925e-002  1,90065e+000
 1,09648e-001 -3,70200e+001  1,40929e-002  1,94489e+000
 1,12202e-001 -3,70198e+001  1,40933e-002  1,99015e+000
 1,14815e-001 -3,70195e+001  1,40937e-002  2,03647e+000
 1,17490e-001 -3,70193e+001  1,40941e-002  2,08386e+000
 1,20226e-001 -3,70190e+001  1,40945e-002  2,13235e+000
 1,23027e-001 -3,70187e+001  1,40950e-002  2,18197e+000
 1,25893e-001 -3,70184e+001  1,40955e-002  2,23275e+000
 1,28825e-001 -3,70181e+001  1,40960e-002  2,28470e+000
 1,31826e-001 -3,70177e+001  1,40966e-002  2,33785e+000
 1,34896e-001 -3,70174e+001  1,40971e-002  2,39224e+000
 1,38038e-001 -3,70170e+001  1,40977e-002  2,44790e+000
 1,41254e-001 -3,70166e+001  1,40984e-002  2,50484e+000
 1,44544e-001 -3,70162e+001  1,40990e-002  2,56310e+000
 1,47911e-001 -3,70158e+001  1,40997e-002  2,62272e+000
 1,51356e-001 -3,70154e+001  1,41004e-002  2,68372e+000
 1,54882e-001 -3,70149e+001  1,41012e-002  2,74613e+000
 1,58489e-001 -3,70144e+001  1,41020e-002  2,80999e+000
 1,62181e-001 -3,70139e+001  1,41028e-002  2,87533e+000
 1,65959e-001 -3,70134e+001  1,41036e-002  2,94219e+000
 1,69824e-001 -3,70128e+001  1,41045e-002  3,01059e+000
 1,73780e-001 -3,70122e+001  1,41055e-002  3,08057e+000
 1,77828e-001 -3,70116e+001  1,41065e-002  3,15218e+000
 1,81970e-001 -3,70110e+001  1,41075e-002  3,22544e+000
 1,86209e-001 -3,70103e+001  1,41086e-002  3,30040e+000
 1,90546e-001 -3,70096e+001  1,41097e-002  3,37710e+000
 1,94984e-001 -3,70089e+001  1,41109e-002  3,45556e+000
 1,99526e-001 -3,70081e+001  1,41121e-002  3,53584e+000
 2,04174e-001 -3,70073e+001  1,41135e-002  3,61798e+000
 2,08930e-001 -3,70065e+001  1,41148e-002  3,70201e+000
 2,13796e-001 -3,70056e+001  1,41162e-002  3,78798e+000
 2,18776e-001 -3,70047e+001  1,41177e-002  3,87593e+000
 2,23872e-001 -3,70037e+001  1,41193e-002  3,96592e+000
 2,29087e-001 -3,70027e+001  1,41209e-002  4,05798e+000
 2,34423e-001 -3,70017e+001  1,41227e-002  4,15216e+000
 2,39883e-001 -3,70006e+001  1,41244e-002  4,24851e+000
 2,45471e-001 -3,69994e+001  1,41263e-002  4,34708e+000
 2,51189e-001 -3,69982e+001  1,41283e-002  4,44792e+000
 2,57040e-001 -3,69969e+001  1,41304e-002  4,55107e+000
 2,63027e-001 -3,69956e+001  1,41325e-002  4,65660e+000
 2,69153e-001 -3,69942e+001  1,41348e-002  4,76455e+000
 2,75423e-001 -3,69928e+001  1,41371e-002  4,87498e+000
 2,81838e-001 -3,69913e+001  1,41396e-002  4,98794e+000
 2,88403e-001 -3,69897e+001  1,41422e-002  5,10349e+000
 2,95121e-001 -3,69880e+001  1,41449e-002  5,22169e+000
 3,01995e-001 -3,69863e+001  1,41478e-002  5,34259e+000
 3,09030e-001 -3,69844e+001  1,41507e-002  5,46626e+000
 3,16228e-001 -3,69825e+001  1,41538e-002  5,59275e+000
 3,23594e-001 -3,69805e+001  1,41571e-002  5,72213e+000
 3,31131e-001 -3,69784e+001  1,41605e-002  5,85446e+000
 3,38844e-001 -3,69762e+001  1,41641e-002  5,98981e+000
 3,46737e-001 -3,69739e+001  1,41678e-002  6,12823e+000
 3,54813e-001 -3,69715e+001  1,41717e-002  6,26980e+000
 3,63078e-001 -3,69690e+001  1,41758e-002  6,41459e+000
 3,71535e-001 -3,69664e+001  1,41801e-002  6,56266e+000
 3,80189e-001 -3,69636e+001  1,41846e-002  6,71408e+000
 3,89045e-001 -3,69608e+001  1,41893e-002  6,86893e+000
 3,98107e-001 -3,69578e+001  1,41942e-002  7,02728e+000
 4,07380e-001 -3,69546e+001  1,41994e-002  7,18920e+000
 4,16869e-001 -3,69513e+001  1,42048e-002  7,35476e+000
 4,26580e-001 -3,69479e+001  1,42104e-002  7,52405e+000
 4,36516e-001 -3,69443e+001  1,42163e-002  7,69714e+000
 4,46684e-001 -3,69405e+001  1,42225e-002  7,87411e+000
 4,57088e-001 -3,69365e+001  1,42290e-002  8,05503e+000
 4,67735e-001 -3,69324e+001  1,42358e-002  8,24000e+000
 4,78630e-001 -3,69281e+001  1,42428e-002  8,42909e+000
 4,89779e-001 -3,69235e+001  1,42503e-002  8,62238e+000
 5,01187e-001 -3,69188e+001  1,42580e-002  8,81996e+000
 5,12861e-001 -3,69139e+001  1,42661e-002  9,02191e+000
 5,24807e-001 -3,69087e+001  1,42747e-002  9,22833e+000
 5,37032e-001 -3,69033e+001  1,42836e-002  9,43929e+000
 5,49541e-001 -3,68976e+001  1,42929e-002  9,65488e+000
 5,62341e-001 -3,68917e+001  1,43026e-002  9,87520e+000
 5,75440e-001 -3,68855e+001  1,43128e-002  1,01003e+001
 5,88844e-001 -3,68790e+001  1,43235e-002  1,03304e+001
 6,02560e-001 -3,68723e+001  1,43346e-002  1,05654e+001
 6,16595e-001 -3,68652e+001  1,43463e-002  1,08055e+001
 6,30957e-001 -3,68578e+001  1,43585e-002  1,10508e+001
 6,45654e-001 -3,68501e+001  1,43713e-002  1,13014e+001
 6,60693e-001 -3,68420e+001  1,43847e-002  1,15573e+001
 6,76083e-001 -3,68335e+001  1,43987e-002  1,18187e+001
 6,91831e-001 -3,68247e+001  1,44133e-002  1,20856e+001
 7,07946e-001 -3,68155e+001  1,44286e-002  1,23582e+001
 7,24436e-001 -3,68059e+001  1,44447e-002  1,26365e+001
 7,41310e-001 -3,67958e+001  1,44614e-002  1,29206e+001
 7,58578e-001 -3,67853e+001  1,44789e-002  1,32107e+001
 7,76247e-001 -3,67743e+001  1,44973e-002  1,35068e+001
 7,94328e-001 -3,67628e+001  1,45164e-002  1,38089e+001
 8,12831e-001 -3,67508e+001  1,45365e-002  1,41173e+001
 8,31764e-001 -3,67383e+001  1,45574e-002  1,44320e+001
 8,51138e-001 -3,67253e+001  1,45793e-002  1,47530e+001
 8,70964e-001 -3,67116e+001  1,46022e-002  1,50804e+001
 8,91251e-001 -3,66974e+001  1,46262e-002  1,54144e+001
 9,12011e-001 -3,66825e+001  1,46512e-002  1,57551e+001
 9,33254e-001 -3,66670e+001  1,46774e-002  1,61024e+001
 9,54993e-001 -3,66509e+001  1,47047e-002  1,64565e+001
 9,77237e-001 -3,66340e+001  1,47333e-002  1,68174e+001
 1,00000e+000 -3,66164e+001  1,47632e-002  1,71853e+001
 1,02329e+000 -3,65980e+001  1,47944e-002  1,75602e+001
 1,04713e+000 -3,65789e+001  1,48270e-002  1,79421e+001
 1,07152e+000 -3,65590e+001  1,48611e-002  1,83311e+001
 1,09648e+000 -3,65382e+001  1,48967e-002  1,87273e+001
 1,12202e+000 -3,65165e+001  1,49339e-002  1,91307e+001
 1,14815e+000 -3,64940e+001  1,49727e-002  1,95414e+001
 1,17490e+000 -3,64705e+001  1,50133e-002  1,99594e+001
 1,20226e+000 -3,64460e+001  1,50557e-002  2,03847e+001
 1,23027e+000 -3,64205e+001  1,50999e-002  2,08174e+001
 1,25893e+000 -3,63940e+001  1,51461e-002  2,12575e+001
 1,28825e+000 -3,63664e+001  1,51943e-002  2,17051e+001
 1,31826e+000 -3,63377e+001  1,52446e-002  2,21600e+001
 1,34896e+000 -3,63078e+001  1,52971e-002  2,26223e+001
 1,38038e+000 -3,62768e+001  1,53519e-002  2,30921e+001
 1,41254e+000 -3,62445e+001  1,54090e-002  2,35692e+001
 1,44544e+000 -3,62110e+001  1,54686e-002  2,40537e+001
 1,47911e+000 -3,61761e+001  1,55308e-002  2,45455e+001
 1,51356e+000 -3,61399e+001  1,55957e-002  2,50446e+001
 1,54882e+000 -3,61023e+001  1,56633e-002  2,55510e+001
 1,58489e+000 -3,60633e+001  1,57338e-002  2,60645e+001
 1,62181e+000 -3,60229e+001  1,58073e-002  2,65851e+001
 1,65959e+000 -3,59809e+001  1,58839e-002  2,71127e+001
 1,69824e+000 -3,59373e+001  1,59637e-002  2,76472e+001
 1,73780e+000 -3,58922e+001  1,60468e-002  2,81885e+001
 1,77828e+000 -3,58455e+001  1,61334e-002  2,87365e+001
 1,81970e+000 -3,57971e+001  1,62236e-002  2,92910e+001
 1,86209e+000 -3,57470e+001  1,63175e-002  2,98519e+001
 1,90546e+000 -3,56951e+001  1,64152e-002  3,04190e+001
 1,94984e+000 -3,56414e+001  1,65169e-002  3,09922e+001
 1,99526e+000 -3,55859e+001  1,66228e-002  3,15713e+001
 2,04174e+000 -3,55286e+001  1,67329e-002  3,21561e+001
 2,08930e+000 -3,54693e+001  1,68475e-002  3,27464e+001
 2,13796e+000 -3,54081e+001  1,69666e-002  3,33419e+001
 2,18776e+000 -3,53449e+001  1,70904e-002  3,39424e+001
 2,23872e+000 -3,52798e+001  1,72191e-002  3,45477e+001
 2,29087e+000 -3,52126e+001  1,73529e-002  3,51576e+001
 2,34423e+000 -3,51433e+001  1,74919e-002  3,57717e+001
 2,39883e+000 -3,50719e+001  1,76362e-002  3,63898e+001
 2,45471e+000 -3,49984e+001  1,77861e-002  3,70116e+001
 2,51189e+000 -3,49227e+001  1,79417e-002  3,76368e+001
 2,57040e+000 -3,48449e+001  1,81032e-002  3,82651e+001
 2,63027e+000 -3,47648e+001  1,82708e-002  3,88962e+001
 2,69153e+000 -3,46826e+001  1,84447e-002  3,95297e+001
 2,75423e+000 -3,45981e+001  1,86250e-002  4,01654e+001
 2,81838e+000 -3,45113e+001  1,88120e-002  4,08028e+001
 2,88403e+000 -3,44223e+001  1,90058e-002  4,14417e+001
 2,95121e+000 -3,43310e+001  1,92066e-002  4,20817e+001
 3,01995e+000 -3,42374e+001  1,94147e-002  4,27224e+001
 3,09030e+000 -3,41415e+001  1,96302e-002  4,33635e+001
 3,16228e+000 -3,40433e+001  1,98534e-002  4,40047e+001
 3,23594e+000 -3,39428e+001  2,00845e-002  4,46455e+001
 3,31131e+000 -3,38400e+001  2,03236e-002  4,52856e+001
 3,38844e+000 -3,37349e+001  2,05710e-002  4,59247e+001
 3,46737e+000 -3,36275e+001  2,08269e-002  4,65623e+001
 3,54813e+000 -3,35178e+001  2,10915e-002  4,71983e+001
 3,63078e+000 -3,34059e+001  2,13651e-002  4,78321e+001
 3,71535e+000 -3,32917e+001  2,16479e-002  4,84634e+001
 3,80189e+000 -3,31752e+001  2,19401e-002  4,90919e+001
 3,89045e+000 -3,30565e+001  2,22420e-002  4,97173e+001
 3,98107e+000 -3,29356e+001  2,25537e-002  5,03392e+001
 4,07380e+000 -3,28125e+001  2,28756e-002  5,09573e+001
 4,16869e+000 -3,26873e+001  2,32079e-002  5,15713e+001
 4,26580e+000 -3,25599e+001  2,35508e-002  5,21809e+001
 4,36516e+000 -3,24303e+001  2,39047e-002  5,27858e+001
 4,46684e+000 -3,22987e+001  2,42696e-002  5,33856e+001
 4,57088e+000 -3,21651e+001  2,46460e-002  5,39802e+001
 4,67735e+000 -3,20294e+001  2,50340e-002  5,45692e+001
 4,78630e+000 -3,18917e+001  2,54340e-002  5,51524e+001
 4,89779e+000 -3,17521e+001  2,58462e-002  5,57295e+001
 5,01187e+000 -3,16105e+001  2,62709e-002  5,63003e+001
 5,12861e+000 -3,14671e+001  2,67084e-002  5,68646e+001
 5,24807e+000 -3,13218e+001  2,71589e-002  5,74221e+001
 5,37032e+000 -3,11746e+001  2,76228e-002  5,79728e+001
 5,49541e+000 -3,10258e+001  2,81004e-002  5,85163e+001
 5,62341e+000 -3,08751e+001  2,85919e-002  5,90525e+001
 5,75440e+000 -3,07228e+001  2,90976e-002  5,95812e+001
 5,88844e+000 -3,05689e+001  2,96180e-002  6,01023e+001
 6,02560e+000 -3,04133e+001  3,01533e-002  6,06157e+001
 6,16595e+000 -3,02562e+001  3,07037e-002  6,11212e+001
 6,30957e+000 -3,00975e+001  3,12698e-002  6,16186e+001
 6,45654e+000 -2,99373e+001  3,18517e-002  6,21080e+001
 6,60693e+000 -2,97757e+001  3,24499e-002  6,25891e+001
 6,76083e+000 -2,96127e+001  3,30647e-002  6,30620e+001
 6,91831e+000 -2,94483e+001  3,36964e-002  6,35265e+001
 7,07946e+000 -2,92826e+001  3,43454e-002  6,39825e+001
 7,24436e+000 -2,91156e+001  3,50121e-002  6,44300e+001
 7,41310e+000 -2,89474e+001  3,56970e-002  6,48690e+001
 7,58578e+000 -2,87779e+001  3,64002e-002  6,52994e+001
 7,76247e+000 -2,86073e+001  3,71224e-002  6,57212e+001
 7,94328e+000 -2,84355e+001  3,78638e-002  6,61343e+001
 8,12831e+000 -2,82627e+001  3,86249e-002  6,65388e+001
 8,31764e+000 -2,80887e+001  3,94061e-002  6,69346e+001
 8,51138e+000 -2,79138e+001  4,02079e-002  6,73217e+001
 8,70964e+000 -2,77378e+001  4,10307e-002  6,77002e+001
 8,91251e+000 -2,75609e+001  4,18749e-002  6,80699e+001
 9,12011e+000 -2,73831e+001  4,27410e-002  6,84311e+001
 9,33254e+000 -2,72044e+001  4,36295e-002  6,87836e+001
 9,54993e+000 -2,70248e+001  4,45409e-002  6,91274e+001
 9,77237e+000 -2,68444e+001  4,54757e-002  6,94627e+001
 1,00000e+001 -2,66632e+001  4,64344e-002  6,97895e+001
 1,02329e+001 -2,64812e+001  4,74175e-002  7,01077e+001
 1,04713e+001 -2,62985e+001  4,84255e-002  7,04174e+001
 1,07152e+001 -2,61151e+001  4,94590e-002  7,07187e+001
 1,09648e+001 -2,59310e+001  5,05185e-002  7,10116e+001
 1,12202e+001 -2,57462e+001  5,16047e-002  7,12961e+001
 1,14815e+001 -2,55608e+001  5,27181e-002  7,15723e+001
 1,17490e+001 -2,53748e+001  5,38593e-002  7,18403e+001
 1,20226e+001 -2,51882e+001  5,50288e-002  7,21000e+001
 1,23027e+001 -2,50010e+001  5,62275e-002  7,23516e+001
 1,25893e+001 -2,48133e+001  5,74558e-002  7,25950e+001
 1,28825e+001 -2,46251e+001  5,87145e-002  7,28304e+001
 1,31826e+001 -2,44364e+001  6,00042e-002  7,30578e+001
 1,34896e+001 -2,42472e+001  6,13256e-002  7,32772e+001
 1,38038e+001 -2,40575e+001  6,26794e-002  7,34887e+001
 1,41254e+001 -2,38674e+001  6,40663e-002  7,36924e+001
 1,44544e+001 -2,36769e+001  6,54871e-002  7,38882e+001
 1,47911e+001 -2,34859e+001  6,69426e-002  7,40763e+001
 1,51356e+001 -2,32946e+001  6,84335e-002  7,42567e+001
 1,54882e+001 -2,31029e+001  6,99606e-002  7,44294e+001
 1,58489e+001 -2,29109e+001  7,15247e-002  7,45945e+001
 1,62181e+001 -2,27185e+001  7,31266e-002  7,47520e+001
 1,65959e+001 -2,25258e+001  7,47672e-002  7,49020e+001
 1,69824e+001 -2,23327e+001  7,64475e-002  7,50445e+001
 1,73780e+001 -2,21394e+001  7,81681e-002  7,51796e+001
 1,77828e+001 -2,19458e+001  7,99302e-002  7,53073e+001
 1,81970e+001 -2,17519e+001  8,17346e-002  7,54276e+001
 1,86209e+001 -2,15577e+001  8,35822e-002  7,55405e+001
 1,90546e+001 -2,13633e+001  8,54741e-002  7,56462e+001
 1,94984e+001 -2,11687e+001  8,74113e-002  7,57446e+001
 1,99526e+001 -2,09738e+001  8,93947e-002  7,58357e+001
 2,04174e+001 -2,07787e+001  9,14255e-002  7,59196e+001
 2,08930e+001 -2,05833e+001  9,35046e-002  7,59963e+001
 2,13796e+001 -2,03878e+001  9,56333e-002  7,60659e+001
 2,18776e+001 -2,01921e+001  9,78126e-002  7,61282e+001
 2,23872e+001 -1,99962e+001  1,00044e-001  7,61835e+001
 2,29087e+001 -1,98001e+001  1,02328e-001  7,62315e+001
 2,34423e+001 -1,96039e+001  1,04666e-001  7,62725e+001
 2,39883e+001 -1,94075e+001  1,07060e-001  7,63063e+001
 2,45471e+001 -1,92109e+001  1,09510e-001  7,63330e+001
 2,51189e+001 -1,90142e+001  1,12018e-001  7,63526e+001
 2,57040e+001 -1,88174e+001  1,14586e-001  7,63651e+001
 2,63027e+001 -1,86204e+001  1,17214e-001  7,63704e+001
 2,69153e+001 -1,84233e+001  1,19904e-001  7,63685e+001
 2,75423e+001 -1,82261e+001  1,22658e-001  7,63595e+001
 2,81838e+001 -1,80287e+001  1,25477e-001  7,63434e+001
 2,88403e+001 -1,78313e+001  1,28362e-001  7,63200e+001
 2,95121e+001 -1,76337e+001  1,31315e-001  7,62894e+001
 3,01995e+001 -1,74361e+001  1,34337e-001  7,62515e+001
 3,09030e+001 -1,72383e+001  1,37430e-001  7,62064e+001
 3,16228e+001 -1,70405e+001  1,40597e-001  7,61539e+001
 3,23594e+001 -1,68426e+001  1,43837e-001  7,60941e+001
 3,31131e+001 -1,66446e+001  1,47154e-001  7,60269e+001
 3,38844e+001 -1,64465e+001  1,50548e-001  7,59522e+001
 3,46737e+001 -1,62484e+001  1,54022e-001  7,58699e+001
 3,54813e+001 -1,60502e+001  1,57577e-001  7,57802e+001
 3,63078e+001 -1,58519e+001  1,61215e-001  7,56828e+001
 3,71535e+001 -1,56535e+001  1,64939e-001  7,55777e+001
 3,80189e+001 -1,54552e+001  1,68749e-001  7,54648e+001
 3,89045e+001 -1,52567e+001  1,72649e-001  7,53441e+001
 3,98107e+001 -1,50582e+001  1,76640e-001  7,52155e+001
 4,07380e+001 -1,48597e+001  1,80724e-001  7,50788e+001
 4,16869e+001 -1,46611e+001  1,84903e-001  7,49341e+001
 4,26580e+001 -1,44625e+001  1,89180e-001  7,47812e+001
 4,36516e+001 -1,42639e+001  1,93556e-001  7,46200e+001
 4,46684e+001 -1,40652e+001  1,98034e-001  7,44504e+001
 4,57088e+001 -1,38665e+001  2,02616e-001  7,42723e+001
 4,67735e+001 -1,36678e+001  2,07305e-001  7,40856e+001
 4,78630e+001 -1,34691e+001  2,12103e-001  7,38901e+001
 4,89779e+001 -1,32703e+001  2,17012e-001  7,36858e+001
 5,01187e+001 -1,30716e+001  2,22035e-001  7,34724e+001
 5,12861e+001 -1,28728e+001  2,27175e-001  7,32499e+001
 5,24807e+001 -1,26740e+001  2,32433e-001  7,30182e+001
 5,37032e+001 -1,24753e+001  2,37814e-001  7,27769e+001
 5,49541e+001 -1,22765e+001  2,43318e-001  7,25261e+001
 5,62341e+001 -1,20778e+001  2,48950e-001  7,22655e+001
 5,75440e+001 -1,18790e+001  2,54711e-001  7,19949e+001
 5,88844e+001 -1,16803e+001  2,60605e-001  7,17142e+001
 6,02560e+001 -1,14817e+001  2,66635e-001  7,14232e+001
 6,16595e+001 -1,12830e+001  2,72803e-001  7,11217e+001
 6,30957e+001 -1,10844e+001  2,79113e-001  7,08094e+001
 6,45654e+001 -1,08859e+001  2,85566e-001  7,04862e+001
 6,60693e+001 -1,06874e+001  2,92168e-001  7,01518e+001
 6,76083e+001 -1,04889e+001  2,98920e-001  6,98060e+001
 6,91831e+001 -1,02905e+001  3,05825e-001  6,94486e+001
 7,07946e+001 -1,00922e+001  3,12888e-001  6,90793e+001
 7,24436e+001 -9,89402e+000  3,20110e-001  6,86978e+001
 7,41310e+001 -9,69590e+000  3,27495e-001  6,83038e+001
 7,58578e+001 -9,49789e+000  3,35047e-001  6,78972e+001
 7,76247e+001 -9,30000e+000  3,42768e-001  6,74775e+001
 7,94328e+001 -9,10224e+000  3,50661e-001  6,70445e+001
 8,12831e+001 -8,90463e+000  3,58731e-001  6,65979e+001
 8,31764e+001 -8,70718e+000  3,66979e-001  6,61373e+001
 8,51138e+001 -8,50990e+000  3,75409e-001  6,56624e+001
 8,70964e+001 -8,31281e+000  3,84025e-001  6,51729e+001
 8,91251e+001 -8,11594e+000  3,92828e-001  6,46682e+001
 9,12011e+001 -7,91930e+000  4,01823e-001  6,41482e+001
 9,33254e+001 -7,72292e+000  4,11012e-001  6,36123e+001
 9,54993e+001 -7,52681e+000  4,20397e-001  6,30602e+001
 9,77237e+001 -7,33102e+000  4,29981e-001  6,24915e+001
 1,00000e+002 -7,13555e+000  4,39767e-001  6,19056e+001
 1,02329e+002 -6,94046e+000  4,49756e-001  6,13022e+001
 1,04713e+002 -6,74576e+000  4,59951e-001  6,06807e+001
 1,07152e+002 -6,55150e+000  4,70354e-001  6,00408e+001
 1,09648e+002 -6,35772e+000  4,80966e-001  5,93818e+001
 1,12202e+002 -6,16446e+000  4,91787e-001  5,87032e+001
 1,14815e+002 -5,97176e+000  5,02819e-001  5,80046e+001
 1,17490e+002 -5,77969e+000  5,14062e-001  5,72854e+001
 1,20226e+002 -5,58830e+000  5,25515e-001  5,65449e+001
 1,23027e+002 -5,39764e+000  5,37178e-001  5,57827e+001
 1,25893e+002 -5,20779e+000  5,49048e-001  5,49981e+001
 1,28825e+002 -5,01881e+000  5,61125e-001  5,41906e+001
 1,31826e+002 -4,83079e+000  5,73404e-001  5,33595e+001
 1,34896e+002 -4,64380e+000  5,85882e-001  5,25041e+001
 1,38038e+002 -4,45794e+000  5,98553e-001  5,16239e+001
 1,41254e+002 -4,27332e+000  6,11412e-001  5,07182e+001
 1,44544e+002 -4,09002e+000  6,24452e-001  4,97864e+001
 1,47911e+002 -3,90818e+000  6,37663e-001  4,88277e+001
 1,51356e+002 -3,72791e+000  6,51035e-001  4,78416e+001
 1,54882e+002 -3,54935e+000  6,64557e-001  4,68275e+001
 1,58489e+002 -3,37264e+000  6,78216e-001  4,57846e+001
 1,62181e+002 -3,19793e+000  6,91995e-001  4,47123e+001
 1,65959e+002 -3,02540e+000  7,05879e-001  4,36102e+001
 1,69824e+002 -2,85521e+000  7,19846e-001  4,24775e+001
 1,73780e+002 -2,68756e+000  7,33875e-001  4,13138e+001
 1,77828e+002 -2,52264e+000  7,47942e-001  4,01186e+001
 1,81970e+002 -2,36066e+000  7,62021e-001  3,88914e+001
 1,86209e+002 -2,20186e+000  7,76081e-001  3,76318e+001
 1,90546e+002 -2,04646e+000  7,90090e-001  3,63395e+001
 1,94984e+002 -1,89472e+000  8,04014e-001  3,50143e+001
 1,99526e+002 -1,74690e+000  8,17815e-001  3,36559e+001
 2,04174e+002 -1,60327e+000  8,31451e-001  3,22644e+001
 2,08930e+002 -1,46411e+000  8,44879e-001  3,08398e+001
 2,13796e+002 -1,32971e+000  8,58054e-001  2,93823e+001
 2,18776e+002 -1,20037e+000  8,70926e-001  2,78922e+001
 2,23872e+002 -1,07641e+000  8,83445e-001  2,63700e+001
 2,29087e+002 -9,58121e-001  8,95558e-001  2,48162e+001
 2,34423e+002 -8,45832e-001  9,07211e-001  2,32316e+001
 2,39883e+002 -7,39852e-001  9,18348e-001  2,16173e+001
 2,45471e+002 -6,40494e-001  9,28914e-001  1,99744e+001
 2,51189e+002 -5,48063e-001  9,38851e-001  1,83041e+001
 2,57040e+002 -4,62857e-001  9,48107e-001  1,66080e+001
 2,63027e+002 -3,85163e-001  9,56625e-001  1,48878e+001
 2,69153e+002 -3,15251e-001  9,64356e-001  1,31454e+001
 2,75423e+002 -2,53372e-001  9,71251e-001  1,13828e+001
 2,81838e+002 -1,99757e-001  9,77265e-001  9,60228e+000
 2,88403e+002 -1,54609e-001  9,82357e-001  7,80623e+000
 2,95121e+002 -1,18105e-001  9,86495e-001  5,99716e+000
 3,01995e+002 -9,03892e-002  9,89648e-001  4,17770e+000
 3,09030e+002 -7,15744e-002  9,91794e-001  2,35059e+000
 3,16228e+002 -6,17367e-002  9,92917e-001  5,18639e-001
 3,23594e+002 -6,09168e-002  9,93011e-001 -1,31532e+000
 3,31131e+002 -6,91181e-002  9,92074e-001 -3,14841e+000
 3,38844e+002 -8,63070e-002  9,90113e-001 -4,97778e+000
 3,46737e+002 -1,12414e-001  9,87141e-001 -6,80062e+000
 3,54813e+002 -1,47333e-001  9,83181e-001 -8,61419e+000
 3,63078e+002 -1,90925e-001  9,78259e-001 -1,04158e+001
 3,71535e+002 -2,43021e-001  9,72409e-001 -1,22030e+001
 3,80189e+002 -3,03420e-001  9,65671e-001 -1,39732e+001
 3,89045e+002 -3,71898e-001  9,58087e-001 -1,57244e+001
 3,98107e+002 -4,48208e-001  9,49707e-001 -1,74543e+001
 4,07380e+002 -5,32080e-001  9,40581e-001 -1,91610e+001
 4,16869e+002 -6,23234e-001  9,30761e-001 -2,08429e+001
 4,26580e+002 -7,21372e-001  9,20304e-001 -2,24983e+001
 4,36516e+002 -8,26189e-001  9,09265e-001 -2,41259e+001
 4,46684e+002 -9,37376e-001  8,97700e-001 -2,57246e+001
 4,57088e+002 -1,05462e+000  8,85664e-001 -2,72933e+001
 4,67735e+002 -1,17760e+000  8,73212e-001 -2,88313e+001
 4,78630e+002 -1,30601e+000  8,60398e-001 -3,03379e+001
 4,89779e+002 -1,43955e+000  8,47272e-001 -3,18126e+001
 5,01187e+002 -1,57790e+000  8,33883e-001 -3,32551e+001
 5,12861e+002 -1,72078e+000  8,20278e-001 -3,46652e+001
 5,24807e+002 -1,86790e+000  8,06501e-001 -3,60428e+001
 5,37032e+002 -2,01900e+000  7,92593e-001 -3,73880e+001
 5,49541e+002 -2,17379e+000  7,78593e-001 -3,87009e+001
 5,62341e+002 -2,33205e+000  7,64535e-001 -3,99817e+001
 5,75440e+002 -2,49352e+000  7,50454e-001 -4,12307e+001
 5,88844e+002 -2,65798e+000  7,36379e-001 -4,24485e+001
 6,02560e+002 -2,82521e+000  7,22336e-001 -4,36353e+001
 6,16595e+002 -2,99502e+000  7,08352e-001 -4,47917e+001
 6,30957e+002 -3,16721e+000  6,94447e-001 -4,59182e+001
 6,45654e+002 -3,34161e+000  6,80643e-001 -4,70154e+001
 6,60693e+002 -3,51804e+000  6,66957e-001 -4,80840e+001
 6,76083e+002 -3,69636e+000  6,53404e-001 -4,91245e+001
 6,91831e+002 -3,87642e+000  6,39999e-001 -5,01375e+001
 7,07946e+002 -4,05808e+000  6,26753e-001 -5,11238e+001
 7,24436e+002 -4,24121e+000  6,13676e-001 -5,20840e+001
 7,41310e+002 -4,42571e+000  6,00779e-001 -5,30187e+001
 7,58578e+002 -4,61145e+000  5,88068e-001 -5,39286e+001
 7,76247e+002 -4,79835e+000  5,75549e-001 -5,48144e+001
 7,94328e+002 -4,98631e+000  5,63228e-001 -5,56767e+001
 8,12831e+002 -5,17524e+000  5,51109e-001 -5,65162e+001
 8,31764e+002 -5,36507e+000  5,39196e-001 -5,73335e+001
 8,51138e+002 -5,55572e+000  5,27490e-001 -5,81292e+001
 8,70964e+002 -5,74713e+000  5,15993e-001 -5,89039e+001
 8,91251e+002 -5,93923e+000  5,04706e-001 -5,96583e+001
 9,12011e+002 -6,13197e+000  4,93630e-001 -6,03928e+001
 9,33254e+002 -6,32530e+000  4,82764e-001 -6,11082e+001
 9,54993e+002 -6,51916e+000  4,72109e-001 -6,18049e+001
 9,77237e+002 -6,71351e+000  4,61662e-001 -6,24834e+001
 1,00000e+003 -6,90832e+000  4,51423e-001 -6,31444e+001
 1,02329e+003 -7,10354e+000  4,41390e-001 -6,37883e+001
 1,04713e+003 -7,29915e+000  4,31561e-001 -6,44156e+001
 1,07152e+003 -7,49510e+000  4,21934e-001 -6,50268e+001
 1,09648e+003 -7,69138e+000  4,12507e-001 -6,56223e+001
 1,12202e+003 -7,88795e+000  4,03276e-001 -6,62026e+001
 1,14815e+003 -8,08479e+000  3,94240e-001 -6,67682e+001
 1,17490e+003 -8,28188e+000  3,85395e-001 -6,73195e+001
 1,20226e+003 -8,47920e+000  3,76738e-001 -6,78568e+001
 1,23027e+003 -8,67673e+000  3,68268e-001 -6,83805e+001
 1,25893e+003 -8,87445e+000  3,59979e-001 -6,88912e+001
 1,28825e+003 -9,07235e+000  3,51870e-001 -6,93890e+001
 1,31826e+003 -9,27041e+000  3,43938e-001 -6,98745e+001
 1,34896e+003 -9,46862e+000  3,36178e-001 -7,03478e+001
 1,38038e+003 -9,66696e+000  3,28588e-001 -7,08095e+001
 1,41254e+003 -9,86543e+000  3,21165e-001 -7,12597e+001
 1,44544e+003 -1,00640e+001  3,13906e-001 -7,16988e+001
 1,47911e+003 -1,02627e+001  3,06806e-001 -7,21271e+001
 1,51356e+003 -1,04615e+001  2,99864e-001 -7,25450e+001
 1,54882e+003 -1,06604e+001  2,93076e-001 -7,29526e+001
 1,58489e+003 -1,08594e+001  2,86439e-001 -7,33503e+001
 1,62181e+003 -1,10584e+001  2,79950e-001 -7,37383e+001
 1,65959e+003 -1,12575e+001  2,73605e-001 -7,41169e+001
 1,69824e+003 -1,14567e+001  2,67403e-001 -7,44863e+001
 1,73780e+003 -1,16559e+001  2,61339e-001 -7,48468e+001
 1,77828e+003 -1,18552e+001  2,55411e-001 -7,51987e+001
 1,81970e+003 -1,20546e+001  2,49616e-001 -7,55421e+001
 1,86209e+003 -1,22539e+001  2,43951e-001 -7,58772e+001
 1,90546e+003 -1,24534e+001  2,38414e-001 -7,62043e+001
 1,94984e+003 -1,26528e+001  2,33001e-001 -7,65236e+001
 1,99526e+003 -1,28524e+001  2,27710e-001 -7,68353e+001
 2,04174e+003 -1,30519e+001  2,22538e-001 -7,71396e+001
 2,08930e+003 -1,32515e+001  2,17483e-001 -7,74367e+001
 2,13796e+003 -1,34511e+001  2,12543e-001 -7,77267e+001
 2,18776e+003 -1,36507e+001  2,07713e-001 -7,80098e+001
 2,23872e+003 -1,38504e+001  2,02993e-001 -7,82863e+001
 2,29087e+003 -1,40500e+001  1,98380e-001 -7,85562e+001
 2,34423e+003 -1,42497e+001  1,93871e-001 -7,88198e+001
 2,39883e+003 -1,44495e+001  1,89464e-001 -7,90771e+001
 2,45471e+003 -1,46492e+001  1,85157e-001 -7,93284e+001
 2,51189e+003 -1,48490e+001  1,80947e-001 -7,95739e+001
 2,57040e+003 -1,50487e+001  1,76833e-001 -7,98135e+001
 2,63027e+003 -1,52485e+001  1,72812e-001 -8,00476e+001
 2,69153e+003 -1,54483e+001  1,68882e-001 -8,02762e+001
 2,75423e+003 -1,56481e+001  1,65042e-001 -8,04994e+001
 2,81838e+003 -1,58479e+001  1,61288e-001 -8,07175e+001
 2,88403e+003 -1,60478e+001  1,57620e-001 -8,09304e+001
 2,95121e+003 -1,62476e+001  1,54035e-001 -8,11385e+001
 3,01995e+003 -1,64475e+001  1,50531e-001 -8,13416e+001
 3,09030e+003 -1,66473e+001  1,47107e-001 -8,15401e+001
 3,16228e+003 -1,68472e+001  1,43760e-001 -8,17339e+001
 3,23594e+003 -1,70471e+001  1,40490e-001 -8,19232e+001
 3,31131e+003 -1,72470e+001  1,37294e-001 -8,21082e+001
 3,38844e+003 -1,74469e+001  1,34170e-001 -8,22889e+001
 3,46737e+003 -1,76468e+001  1,31118e-001 -8,24654e+001
 3,54813e+003 -1,78467e+001  1,28135e-001 -8,26378e+001
 3,63078e+003 -1,80466e+001  1,25219e-001 -8,28062e+001
 3,71535e+003 -1,82465e+001  1,22370e-001 -8,29707e+001
 3,80189e+003 -1,84464e+001  1,19586e-001 -8,31315e+001
 3,89045e+003 -1,86463e+001  1,16865e-001 -8,32885e+001
 3,98107e+003 -1,88463e+001  1,14205e-001 -8,34419e+001
 4,07380e+003 -1,90462e+001  1,11607e-001 -8,35918e+001
 4,16869e+003 -1,92461e+001  1,09067e-001 -8,37382e+001
 4,26580e+003 -1,94461e+001  1,06585e-001 -8,38813e+001
 4,36516e+003 -1,96460e+001  1,04159e-001 -8,40210e+001
 4,46684e+003 -1,98460e+001  1,01789e-001 -8,41576e+001
 4,57088e+003 -2,00459e+001  9,94727e-002 -8,42910e+001
 4,67735e+003 -2,02459e+001  9,72090e-002 -8,44213e+001
 4,78630e+003 -2,04458e+001  9,49967e-002 -8,45487e+001
 4,89779e+003 -2,06458e+001  9,28348e-002 -8,46731e+001
 5,01187e+003 -2,08457e+001  9,07220e-002 -8,47947e+001
 5,12861e+003 -2,10457e+001  8,86573e-002 -8,49135e+001
 5,24807e+003 -2,12457e+001  8,66396e-002 -8,50296e+001
 5,37032e+003 -2,14456e+001  8,46678e-002 -8,51430e+001
 5,49541e+003 -2,16456e+001  8,27408e-002 -8,52538e+001
 5,62341e+003 -2,18456e+001  8,08577e-002 -8,53620e+001
 5,75440e+003 -2,20455e+001  7,90174e-002 -8,54678e+001
 5,88844e+003 -2,22455e+001  7,72190e-002 -8,55712e+001
 6,02560e+003 -2,24455e+001  7,54615e-002 -8,56722e+001
 6,16595e+003 -2,26455e+001  7,37440e-002 -8,57709e+001
 6,30957e+003 -2,28454e+001  7,20656e-002 -8,58673e+001
 6,45654e+003 -2,30454e+001  7,04254e-002 -8,59615e+001
 6,60693e+003 -2,32454e+001  6,88225e-002 -8,60536e+001
 6,76083e+003 -2,34454e+001  6,72560e-002 -8,61435e+001
 6,91831e+003 -2,36454e+001  6,57253e-002 -8,62314e+001
 7,07946e+003 -2,38453e+001  6,42293e-002 -8,63173e+001
 7,24436e+003 -2,40453e+001  6,27674e-002 -8,64013e+001
 7,41310e+003 -2,42453e+001  6,13388e-002 -8,64833e+001
 7,58578e+003 -2,44453e+001  5,99426e-002 -8,65634e+001
 7,76247e+003 -2,46453e+001  5,85783e-002 -8,66418e+001
 7,94328e+003 -2,48453e+001  5,72450e-002 -8,67183e+001
 8,12831e+003 -2,50452e+001  5,59420e-002 -8,67931e+001
 8,31764e+003 -2,52452e+001  5,46687e-002 -8,68661e+001
 8,51138e+003 -2,54452e+001  5,34244e-002 -8,69375e+001
 8,70964e+003 -2,56452e+001  5,22083e-002 -8,70073e+001
 8,91251e+003 -2,58452e+001  5,10200e-002 -8,70755e+001
 9,12011e+003 -2,60452e+001  4,98587e-002 -8,71421e+001
 9,33254e+003 -2,62452e+001  4,87238e-002 -8,72072e+001
 9,54993e+003 -2,64452e+001  4,76148e-002 -8,72708e+001
 9,77237e+003 -2,66452e+001  4,65310e-002 -8,73330e+001
 1,00000e+004 -2,68451e+001  4,54719e-002 -8,73937e+001
 1,02329e+004 -2,70451e+001  4,44369e-002 -8,74531e+001
 1,04713e+004 -2,72451e+001  4,34254e-002 -8,75111e+001
 1,07152e+004 -2,74451e+001  4,24369e-002 -8,75678e+001
 1,09648e+004 -2,76451e+001  4,14710e-002 -8,76232e+001
 1,12202e+004 -2,78451e+001  4,05270e-002 -8,76773e+001
 1,14815e+004 -2,80451e+001  3,96046e-002 -8,77302e+001
 1,17490e+004 -2,82451e+001  3,87031e-002 -8,77819e+001
 1,20226e+004 -2,84451e+001  3,78221e-002 -8,78324e+001
 1,23027e+004 -2,86451e+001  3,69612e-002 -8,78818e+001
 1,25893e+004 -2,88451e+001  3,61199e-002 -8,79300e+001
 1,28825e+004 -2,90451e+001  3,52977e-002 -8,79772e+001
 1,31826e+004 -2,92451e+001  3,44943e-002 -8,80232e+001
 1,34896e+004 -2,94451e+001  3,37091e-002 -8,80682e+001
 1,38038e+004 -2,96451e+001  3,29418e-002 -8,81122e+001
 1,41254e+004 -2,98450e+001  3,21920e-002 -8,81552e+001
 1,44544e+004 -3,00450e+001  3,14592e-002 -8,81972e+001
 1,47911e+004 -3,02450e+001  3,07431e-002 -8,82383e+001
 1,51356e+004 -3,04450e+001  3,00433e-002 -8,82784e+001
 1,54882e+004 -3,06450e+001  2,93595e-002 -8,83176e+001
 1,58489e+004 -3,08450e+001  2,86912e-002 -8,83559e+001
 1,62181e+004 -3,10450e+001  2,80381e-002 -8,83933e+001
 1,65959e+004 -3,12450e+001  2,73999e-002 -8,84299e+001
 1,69824e+004 -3,14450e+001  2,67762e-002 -8,84656e+001
 1,73780e+004 -3,16450e+001  2,61667e-002 -8,85006e+001
 1,77828e+004 -3,18450e+001  2,55711e-002 -8,85347e+001
 1,81970e+004 -3,20450e+001  2,49890e-002 -8,85681e+001
 1,86209e+004 -3,22450e+001  2,44202e-002 -8,86007e+001
 1,90546e+004 -3,24450e+001  2,38643e-002 -8,86325e+001
 1,94984e+004 -3,26450e+001  2,33211e-002 -8,86637e+001
 1,99526e+004 -3,28450e+001  2,27903e-002 -8,86941e+001
 2,04174e+004 -3,30450e+001  2,22715e-002 -8,87238e+001
 2,08930e+004 -3,32450e+001  2,17646e-002 -8,87529e+001
 2,13796e+004 -3,34450e+001  2,12691e-002 -8,87813e+001
 2,18776e+004 -3,36450e+001  2,07850e-002 -8,88090e+001
 2,23872e+004 -3,38450e+001  2,03119e-002 -8,88361e+001
 2,29087e+004 -3,40450e+001  1,98495e-002 -8,88626e+001
 2,34423e+004 -3,42450e+001  1,93977e-002 -8,88885e+001
 2,39883e+004 -3,44450e+001  1,89562e-002 -8,89138e+001
 2,45471e+004 -3,46450e+001  1,85247e-002 -8,89386e+001
 2,51189e+004 -3,48450e+001  1,81030e-002 -8,89627e+001
 2,57040e+004 -3,50450e+001  1,76909e-002 -8,89863e+001
 2,63027e+004 -3,52450e+001  1,72882e-002 -8,90094e+001
 2,69153e+004 -3,54450e+001  1,68947e-002 -8,90320e+001
 2,75423e+004 -3,56450e+001  1,65101e-002 -8,90540e+001
 2,81838e+004 -3,58450e+001  1,61343e-002 -8,90755e+001
 2,88403e+004 -3,60450e+001  1,57671e-002 -8,90966e+001
 2,95121e+004 -3,62450e+001  1,54082e-002 -8,91171e+001
 3,01995e+004 -3,64450e+001  1,50574e-002 -8,91372e+001
 3,09030e+004 -3,66450e+001  1,47147e-002 -8,91569e+001
 3,16228e+004 -3,68450e+001  1,43797e-002 -8,91761e+001
 3,23594e+004 -3,70450e+001  1,40524e-002 -8,91948e+001
 3,31131e+004 -3,72450e+001  1,37326e-002 -8,92132e+001
 3,38844e+004 -3,74450e+001  1,34200e-002 -8,92311e+001
 3,46737e+004 -3,76450e+001  1,31145e-002 -8,92486e+001
 3,54813e+004 -3,78450e+001  1,28160e-002 -8,92657e+001
 3,63078e+004 -3,80450e+001  1,25242e-002 -8,92824e+001
 3,71535e+004 -3,82450e+001  1,22392e-002 -8,92987e+001
 3,80189e+004 -3,84450e+001  1,19606e-002 -8,93147e+001
 3,89045e+004 -3,86450e+001  1,16883e-002 -8,93303e+001
 3,98107e+004 -3,88450e+001  1,14222e-002 -8,93455e+001
 4,07380e+004 -3,90450e+001  1,11622e-002 -8,93604e+001
 4,16869e+004 -3,92450e+001  1,09082e-002 -8,93750e+001
 4,26580e+004 -3,94450e+001  1,06599e-002 -8,93892e+001
 4,36516e+004 -3,96450e+001  1,04172e-002 -8,94031e+001
 4,46684e+004 -3,98450e+001  1,01801e-002 -8,94167e+001
 4,57088e+004 -4,00450e+001  9,94836e-003 -8,94300e+001
 4,67735e+004 -4,02450e+001  9,72191e-003 -8,94430e+001
 4,78630e+004 -4,04450e+001  9,50061e-003 -8,94556e+001
 4,89779e+004 -4,06450e+001  9,28435e-003 -8,94680e+001
 5,01187e+004 -4,08450e+001  9,07302e-003 -8,94801e+001
 5,12861e+004 -4,10450e+001  8,86649e-003 -8,94920e+001
 5,24807e+004 -4,12450e+001  8,66466e-003 -8,95035e+001
 5,37032e+004 -4,14450e+001  8,46743e-003 -8,95148e+001
 5,49541e+004 -4,16450e+001  8,27469e-003 -8,95259e+001
 5,62341e+004 -4,18450e+001  8,08634e-003 -8,95367e+001
 5,75440e+004 -4,20450e+001  7,90227e-003 -8,95472e+001
 5,88844e+004 -4,22450e+001  7,72239e-003 -8,95575e+001
 6,02560e+004 -4,24450e+001  7,54661e-003 -8,95676e+001
 6,16595e+004 -4,26450e+001  7,37483e-003 -8,95774e+001
 6,30957e+004 -4,28450e+001  7,20696e-003 -8,95871e+001
 6,45654e+004 -4,30450e+001  7,04291e-003 -8,95965e+001
 6,60693e+004 -4,32450e+001  6,88259e-003 -8,96057e+001
 6,76083e+004 -4,34450e+001  6,72592e-003 -8,96146e+001
 6,91831e+004 -4,36450e+001  6,57282e-003 -8,96234e+001
 7,07946e+004 -4,38450e+001  6,42321e-003 -8,96320e+001
 7,24436e+004 -4,40450e+001  6,27700e-003 -8,96404e+001
 7,41310e+004 -4,42450e+001  6,13412e-003 -8,96485e+001
 7,58578e+004 -4,44450e+001  5,99449e-003 -8,96565e+001
 7,76247e+004 -4,46450e+001  5,85803e-003 -8,96644e+001
 7,94328e+004 -4,48450e+001  5,72469e-003 -8,96720e+001
 8,12831e+004 -4,50450e+001  5,59438e-003 -8,96795e+001
 8,31764e+004 -4,52450e+001  5,46704e-003 -8,96868e+001
 8,51138e+004 -4,54450e+001  5,34259e-003 -8,96939e+001
 8,70964e+004 -4,56450e+001  5,22098e-003 -8,97009e+001
 8,91251e+004 -4,58450e+001  5,10214e-003 -8,97077e+001
 9,12011e+004 -4,60450e+001  4,98600e-003 -8,97143e+001
 9,33254e+004 -4,62450e+001  4,87250e-003 -8,97208e+001
 9,54993e+004 -4,64450e+001  4,76159e-003 -8,97272e+001
 9,77237e+004 -4,66450e+001  4,65320e-003 -8,97334e+001
 1,00000e+005 -4,68450e+001  4,54728e-003 -8,97395e+001
 1,02329e+005 -4,70450e+001  4,44377e-003 -8,97454e+001
 1,04713e+005 -4,72450e+001  4,34262e-003 -8,97512e+001
 1,07152e+005 -4,74450e+001  4,24377e-003 -8,97568e+001
 1,09648e+005 -4,76450e+001  4,14717e-003 -8,97624e+001
 1,12202e+005 -4,78450e+001  4,05277e-003 -8,97678e+001
 1,14815e+005 -4,80450e+001  3,96052e-003 -8,97731e+001
 1,17490e+005 -4,82450e+001  3,87037e-003 -8,97782e+001
 1,20226e+005 -4,84450e+001  3,78227e-003 -8,97833e+001
 1,23027e+005 -4,86450e+001  3,69617e-003 -8,97882e+001
 1,25893e+005 -4,88450e+001  3,61204e-003 -8,97930e+001
 1,28825e+005 -4,90450e+001  3,52982e-003 -8,97978e+001
 1,31826e+005 -4,92450e+001  3,44947e-003 -8,98024e+001
 1,34896e+005 -4,94450e+001  3,37095e-003 -8,98069e+001
 1,38038e+005 -4,96450e+001  3,29422e-003 -8,98113e+001
 1,41254e+005 -4,98450e+001  3,21923e-003 -8,98156e+001
 1,44544e+005 -5,00450e+001  3,14595e-003 -8,98197e+001
 1,47911e+005 -5,02450e+001  3,07434e-003 -8,98239e+001
 1,51356e+005 -5,04450e+001  3,00436e-003 -8,98279e+001
 1,54882e+005 -5,06450e+001  2,93597e-003 -8,98318e+001
 1,58489e+005 -5,08450e+001  2,86914e-003 -8,98356e+001
 1,62181e+005 -5,10450e+001  2,80383e-003 -8,98394e+001
 1,65959e+005 -5,12450e+001  2,74001e-003 -8,98430e+001
 1,69824e+005 -5,14450e+001  2,67764e-003 -8,98466e+001
 1,73780e+005 -5,16450e+001  2,61669e-003 -8,98501e+001
 1,77828e+005 -5,18450e+001  2,55713e-003 -8,98535e+001
 1,81970e+005 -5,20450e+001  2,49892e-003 -8,98568e+001
 1,86209e+005 -5,22450e+001  2,44204e-003 -8,98601e+001
 1,90546e+005 -5,24450e+001  2,38645e-003 -8,98633e+001
 1,94984e+005 -5,26450e+001  2,33213e-003 -8,98664e+001
 1,99526e+005 -5,28450e+001  2,27904e-003 -8,98694e+001
 2,04174e+005 -5,30450e+001  2,22716e-003 -8,98724e+001
 2,08930e+005 -5,32450e+001  2,17647e-003 -8,98753e+001
 2,13796e+005 -5,34450e+001  2,12692e-003 -8,98781e+001
 2,18776e+005 -5,36450e+001  2,07851e-003 -8,98809e+001
 2,23872e+005 -5,38450e+001  2,03120e-003 -8,98836e+001
 2,29087e+005 -5,40450e+001  1,98496e-003 -8,98863e+001
 2,34423e+005 -5,42450e+001  1,93978e-003 -8,98889e+001
 2,39883e+005 -5,44450e+001  1,89562e-003 -8,98914e+001
 2,45471e+005 -5,46450e+001  1,85247e-003 -8,98939e+001
 2,51189e+005 -5,48450e+001  1,81031e-003 -8,98963e+001
 2,57040e+005 -5,50450e+001  1,76910e-003 -8,98986e+001
 2,63027e+005 -5,52450e+001  1,72883e-003 -8,99009e+001
 2,69153e+005 -5,54450e+001  1,68948e-003 -8,99032e+001
 2,75423e+005 -5,56450e+001  1,65102e-003 -8,99054e+001
 2,81838e+005 -5,58450e+001  1,61344e-003 -8,99076e+001
 2,88403e+005 -5,60450e+001  1,57671e-003 -8,99097e+001
 2,95121e+005 -5,62450e+001  1,54082e-003 -8,99117e+001
 3,01995e+005 -5,64450e+001  1,50575e-003 -8,99137e+001
 3,09030e+005 -5,66450e+001  1,47147e-003 -8,99157e+001
 3,16228e+005 -5,68450e+001  1,43798e-003 -8,99176e+001
 3,23594e+005 -5,70450e+001  1,40525e-003 -8,99195e+001
 3,31131e+005 -5,72450e+001  1,37326e-003 -8,99213e+001
 3,38844e+005 -5,74450e+001  1,34200e-003 -8,99231e+001
 3,46737e+005 -5,76450e+001  1,31145e-003 -8,99249e+001
 3,54813e+005 -5,78450e+001  1,28160e-003 -8,99266e+001
 3,63078e+005 -5,80450e+001  1,25243e-003 -8,99282e+001
 3,71535e+005 -5,82450e+001  1,22392e-003 -8,99299e+001
 3,80189e+005 -5,84450e+001  1,19606e-003 -8,99315e+001
 3,89045e+005 -5,86450e+001  1,16883e-003 -8,99330e+001
 3,98107e+005 -5,88450e+001  1,14223e-003 -8,99346e+001
 4,07380e+005 -5,90450e+001  1,11623e-003 -8,99360e+001
 4,16869e+005 -5,92450e+001  1,09082e-003 -8,99375e+001
 4,26580e+005 -5,94450e+001  1,06599e-003 -8,99389e+001
 4,36516e+005 -5,96450e+001  1,04172e-003 -8,99403e+001
 4,46684e+005 -5,98450e+001  1,01801e-003 -8,99417e+001
 4,57088e+005 -6,00450e+001  9,94837e-004 -8,99430e+001
 4,67735e+005 -6,02450e+001  9,72192e-004 -8,99443e+001
 4,78630e+005 -6,04450e+001  9,50062e-004 -8,99456e+001
 4,89779e+005 -6,06450e+001  9,28436e-004 -8,99468e+001
 5,01187e+005 -6,08450e+001  9,07302e-004 -8,99480e+001
 5,12861e+005 -6,10450e+001  8,86650e-004 -8,99492e+001
 5,24807e+005 -6,12450e+001  8,66467e-004 -8,99504e+001
 5,37032e+005 -6,14450e+001  8,46744e-004 -8,99515e+001
 5,49541e+005 -6,16450e+001  8,27470e-004 -8,99526e+001
 5,62341e+005 -6,18450e+001  8,08634e-004 -8,99537e+001
 5,75440e+005 -6,20450e+001  7,90227e-004 -8,99547e+001
 5,88844e+005 -6,22450e+001  7,72240e-004 -8,99558e+001
 6,02560e+005 -6,24450e+001  7,54661e-004 -8,99568e+001
 6,16595e+005 -6,26450e+001  7,37483e-004 -8,99577e+001
 6,30957e+005 -6,28450e+001  7,20696e-004 -8,99587e+001
 6,45654e+005 -6,30450e+001  7,04291e-004 -8,99596e+001
 6,60693e+005 -6,32450e+001  6,88259e-004 -8,99606e+001
 6,76083e+005 -6,34450e+001  6,72593e-004 -8,99615e+001
 6,91831e+005 -6,36450e+001  6,57283e-004 -8,99623e+001
 7,07946e+005 -6,38450e+001  6,42321e-004 -8,99632e+001
 7,24436e+005 -6,40450e+001  6,27700e-004 -8,99640e+001
 7,41310e+005 -6,42450e+001  6,13412e-004 -8,99649e+001
 7,58578e+005 -6,44450e+001  5,99449e-004 -8,99657e+001
 7,76247e+005 -6,46450e+001  5,85804e-004 -8,99664e+001
 7,94328e+005 -6,48450e+001  5,72469e-004 -8,99672e+001
 8,12831e+005 -6,50450e+001  5,59438e-004 -8,99679e+001
 8,31764e+005 -6,52450e+001  5,46704e-004 -8,99687e+001
 8,51138e+005 -6,54450e+001  5,34259e-004 -8,99694e+001
 8,70964e+005 -6,56450e+001  5,22098e-004 -8,99701e+001
 8,91251e+005 -6,58450e+001  5,10214e-004 -8,99708e+001
 9,12011e+005 -6,60450e+001  4,98600e-004 -8,99714e+001
 9,33254e+005 -6,62450e+001  4,87250e-004 -8,99721e+001
 9,54993e+005 -6,64450e+001  4,76159e-004 -8,99727e+001
 9,77237e+005 -6,66450e+001  4,65320e-004 -8,99733e+001
 1,00000e+006 -6,68450e+001  4,54728e-004 -8,99739e+001
 1,02329e+006 -6,70450e+001  4,44378e-004 -8,99745e+001
 1,04713e+006 -6,72450e+001  4,34262e-004 -8,99751e+001
 1,07152e+006 -6,74450e+001  4,24377e-004 -8,99757e+001
 1,09648e+006 -6,76450e+001  4,14717e-004 -8,99762e+001
 1,12202e+006 -6,78450e+001  4,05277e-004 -8,99768e+001
 1,14815e+006 -6,80450e+001  3,96052e-004 -8,99773e+001
 1,17490e+006 -6,82450e+001  3,87037e-004 -8,99778e+001
 1,20226e+006 -6,84450e+001  3,78227e-004 -8,99783e+001
 1,23027e+006 -6,86450e+001  3,69617e-004 -8,99788e+001
 1,25893e+006 -6,88450e+001  3,61204e-004 -8,99793e+001
 1,28825e+006 -6,90450e+001  3,52982e-004 -8,99798e+001
 1,31826e+006 -6,92450e+001  3,44947e-004 -8,99802e+001
 1,34896e+006 -6,94450e+001  3,37095e-004 -8,99807e+001
 1,38038e+006 -6,96450e+001  3,29422e-004 -8,99811e+001
 1,41254e+006 -6,98450e+001  3,21923e-004 -8,99816e+001
 1,44544e+006 -7,00450e+001  3,14595e-004 -8,99820e+001
 1,47911e+006 -7,02450e+001  3,07434e-004 -8,99824e+001
 1,51356e+006 -7,04450e+001  3,00436e-004 -8,99828e+001
 1,54882e+006 -7,06450e+001  2,93597e-004 -8,99832e+001
 1,58489e+006 -7,08450e+001  2,86914e-004 -8,99836e+001
 1,62181e+006 -7,10450e+001  2,80383e-004 -8,99839e+001
 1,65959e+006 -7,12450e+001  2,74001e-004 -8,99843e+001
 1,69824e+006 -7,14450e+001  2,67764e-004 -8,99847e+001
 1,73780e+006 -7,16450e+001  2,61669e-004 -8,99850e+001
 1,77828e+006 -7,18450e+001  2,55713e-004 -8,99853e+001
 1,81970e+006 -7,20450e+001  2,49892e-004 -8,99857e+001
 1,86209e+006 -7,22450e+001  2,44204e-004 -8,99860e+001
 1,90546e+006 -7,24450e+001  2,38645e-004 -8,99863e+001
 1,94984e+006 -7,26450e+001  2,33213e-004 -8,99866e+001
 1,99526e+006 -7,28450e+001  2,27904e-004 -8,99869e+001
 2,04174e+006 -7,30450e+001  2,22716e-004 -8,99872e+001
 2,08930e+006 -7,32450e+001  2,17647e-004 -8,99875e+001
 2,13796e+006 -7,34450e+001  2,12692e-004 -8,99878e+001
 2,18776e+006 -7,36450e+001  2,07851e-004 -8,99881e+001
 2,23872e+006 -7,38450e+001  2,03120e-004 -8,99884e+001
 2,29087e+006 -7,40450e+001  1,98496e-004 -8,99886e+001
 2,34423e+006 -7,42450e+001  1,93978e-004 -8,99889e+001
 2,39883e+006 -7,44450e+001  1,89562e-004 -8,99891e+001
 2,45471e+006 -7,46450e+001  1,85247e-004 -8,99894e+001
 2,51189e+006 -7,48450e+001  1,81031e-004 -8,99896e+001
 2,57040e+006 -7,50450e+001  1,76910e-004 -8,99899e+001
 2,63027e+006 -7,52450e+001  1,72883e-004 -8,99901e+001
 2,69153e+006 -7,54450e+001  1,68948e-004 -8,99903e+001
 2,75423e+006 -7,56450e+001  1,65102e-004 -8,99905e+001
 2,81838e+006 -7,58450e+001  1,61344e-004 -8,99908e+001
 2,88403e+006 -7,60450e+001  1,57671e-004 -8,99910e+001
 2,95121e+006 -7,62450e+001  1,54082e-004 -8,99912e+001
 3,01995e+006 -7,64450e+001  1,50575e-004 -8,99914e+001
 3,09030e+006 -7,66450e+001  1,47147e-004 -8,99916e+001
 3,16228e+006 -7,68450e+001  1,43798e-004 -8,99918e+001
 3,23594e+006 -7,70450e+001  1,40525e-004 -8,99919e+001
 3,31131e+006 -7,72450e+001  1,37326e-004 -8,99921e+001
 3,38844e+006 -7,74450e+001  1,34200e-004 -8,99923e+001
 3,46737e+006 -7,76450e+001  1,31145e-004 -8,99925e+001
 3,54813e+006 -7,78450e+001  1,28160e-004 -8,99927e+001
 3,63078e+006 -7,80450e+001  1,25243e-004 -8,99928e+001
 3,71535e+006 -7,82450e+001  1,22392e-004 -8,99930e+001
 3,80189e+006 -7,84450e+001  1,19606e-004 -8,99931e+001
 3,89045e+006 -7,86450e+001  1,16883e-004 -8,99933e+001
 3,98107e+006 -7,88450e+001  1,14223e-004 -8,99935e+001
 4,07380e+006 -7,90450e+001  1,11623e-004 -8,99936e+001
 4,16869e+006 -7,92450e+001  1,09082e-004 -8,99938e+001
 4,26580e+006 -7,94450e+001  1,06599e-004 -8,99939e+001
 4,36516e+006 -7,96450e+001  1,04172e-004 -8,99940e+001
 4,46684e+006 -7,98450e+001  1,01801e-004 -8,99942e+001
 4,57088e+006 -8,00450e+001  9,94837e-005 -8,99943e+001
 4,67735e+006 -8,02450e+001  9,72192e-005 -8,99944e+001
 4,78630e+006 -8,04450e+001  9,50062e-005 -8,99946e+001
 4,89779e+006 -8,06450e+001  9,28436e-005 -8,99947e+001
 5,01187e+006 -8,08450e+001  9,07302e-005 -8,99948e+001
 5,12861e+006 -8,10450e+001  8,86650e-005 -8,99949e+001
 5,24807e+006 -8,12450e+001  8,66467e-005 -8,99950e+001
 5,37032e+006 -8,14450e+001  8,46744e-005 -8,99951e+001
 5,49541e+006 -8,16450e+001  8,27470e-005 -8,99953e+001
 5,62341e+006 -8,18450e+001  8,08634e-005 -8,99954e+001
 5,75440e+006 -8,20450e+001  7,90227e-005 -8,99955e+001
 5,88844e+006 -8,22450e+001  7,72240e-005 -8,99956e+001
 6,02560e+006 -8,24450e+001  7,54661e-005 -8,99957e+001
 6,16595e+006 -8,26450e+001  7,37483e-005 -8,99958e+001
 6,30957e+006 -8,28450e+001  7,20696e-005 -8,99959e+001
 6,45654e+006 -8,30450e+001  7,04291e-005 -8,99960e+001
 6,60693e+006 -8,32450e+001  6,88259e-005 -8,99961e+001
 6,76083e+006 -8,34450e+001  6,72593e-005 -8,99961e+001
 6,91831e+006 -8,36450e+001  6,57283e-005 -8,99962e+001
 7,07946e+006 -8,38450e+001  6,42321e-005 -8,99963e+001
 7,24436e+006 -8,40450e+001  6,27700e-005 -8,99964e+001
 7,41310e+006 -8,42450e+001  6,13412e-005 -8,99965e+001
 7,58578e+006 -8,44450e+001  5,99449e-005 -8,99966e+001
 7,76247e+006 -8,46450e+001  5,85804e-005 -8,99966e+001
 7,94328e+006 -8,48450e+001  5,72469e-005 -8,99967e+001
 8,12831e+006 -8,50450e+001  5,59438e-005 -8,99968e+001
 8,31764e+006 -8,52450e+001  5,46704e-005 -8,99969e+001
 8,51138e+006 -8,54450e+001  5,34259e-005 -8,99969e+001
 8,70964e+006 -8,56450e+001  5,22098e-005 -8,99970e+001
 8,91251e+006 -8,58450e+001  5,10214e-005 -8,99971e+001
 9,12011e+006 -8,60450e+001  4,98600e-005 -8,99971e+001
 9,33254e+006 -8,62450e+001  4,87250e-005 -8,99972e+001
 9,54993e+006 -8,64450e+001  4,76159e-005 -8,99973e+001
 9,77237e+006 -8,66450e+001  4,65320e-005 -8,99973e+001
 1,00000e+007 -8,68450e+001  4,54728e-005 -8,99974e+001
 1,02329e+007 -8,70450e+001  4,44378e-005 -8,99975e+001
 1,04713e+007 -8,72450e+001  4,34262e-005 -8,99975e+001
 1,07152e+007 -8,74450e+001  4,24377e-005 -8,99976e+001
 1,09648e+007 -8,76450e+001  4,14717e-005 -8,99976e+001
 1,12202e+007 -8,78450e+001  4,05277e-005 -8,99977e+001
 1,14815e+007 -8,80450e+001  3,96052e-005 -8,99977e+001
 1,17490e+007 -8,82450e+001  3,87037e-005 -8,99978e+001
 1,20226e+007 -8,84450e+001  3,78227e-005 -8,99978e+001
 1,23027e+007 -8,86450e+001  3,69617e-005 -8,99979e+001
 1,25893e+007 -8,88450e+001  3,61204e-005 -8,99979e+001
 1,28825e+007 -8,90450e+001  3,52982e-005 -8,99980e+001
 1,31826e+007 -8,92450e+001  3,44947e-005 -8,99980e+001
 1,34896e+007 -8,94450e+001  3,37095e-005 -8,99981e+001
 1,38038e+007 -8,96450e+001  3,29422e-005 -8,99981e+001
 1,41254e+007 -8,98450e+001  3,21923e-005 -8,99982e+001
 1,44544e+007 -9,00450e+001  3,14595e-005 -8,99982e+001
 1,47911e+007 -9,02450e+001  3,07434e-005 -8,99982e+001
 1,51356e+007 -9,04450e+001  3,00436e-005 -8,99983e+001
 1,54882e+007 -9,06450e+001  2,93597e-005 -8,99983e+001
 1,58489e+007 -9,08450e+001  2,86914e-005 -8,99984e+001
 1,62181e+007 -9,10450e+001  2,80383e-005 -8,99984e+001
 1,65959e+007 -9,12450e+001  2,74001e-005 -8,99984e+001
 1,69824e+007 -9,14450e+001  2,67764e-005 -8,99985e+001
 1,73780e+007 -9,16450e+001  2,61669e-005 -8,99985e+001
 1,77828e+007 -9,18450e+001  2,55713e-005 -8,99985e+001
 1,81970e+007 -9,20450e+001  2,49892e-005 -8,99986e+001
 1,86209e+007 -9,22450e+001  2,44204e-005 -8,99986e+001
 1,90546e+007 -9,24450e+001  2,38645e-005 -8,99986e+001
 1,94984e+007 -9,26450e+001  2,33213e-005 -8,99987e+001
 1,99526e+007 -9,28450e+001  2,27904e-005 -8,99987e+001
 2,04174e+007 -9,30450e+001  2,22716e-005 -8,99987e+001
 2,08930e+007 -9,32450e+001  2,17647e-005 -8,99988e+001
 2,13796e+007 -9,34450e+001  2,12692e-005 -8,99988e+001
 2,18776e+007 -9,36450e+001  2,07851e-005 -8,99988e+001
 2,23872e+007 -9,38450e+001  2,03120e-005 -8,99988e+001
 2,29087e+007 -9,40450e+001  1,98496e-005 -8,99989e+001
 2,34423e+007 -9,42450e+001  1,93978e-005 -8,99989e+001
 2,39883e+007 -9,44450e+001  1,89562e-005 -8,99989e+001
 2,45471e+007 -9,46450e+001  1,85247e-005 -8,99989e+001
 2,51189e+007 -9,48450e+001  1,81031e-005 -8,99990e+001
 2,57040e+007 -9,50450e+001  1,76910e-005 -8,99990e+001
 2,63027e+007 -9,52450e+001  1,72883e-005 -8,99990e+001
 2,69153e+007 -9,54450e+001  1,68948e-005 -8,99990e+001
 2,75423e+007 -9,56450e+001  1,65102e-005 -8,99991e+001
 2,81838e+007 -9,58450e+001  1,61344e-005 -8,99991e+001
 2,88403e+007 -9,60450e+001  1,57671e-005 -8,99991e+001
 2,95121e+007 -9,62450e+001  1,54082e-005 -8,99991e+001
 3,01995e+007 -9,64450e+001  1,50575e-005 -8,99991e+001
 3,09030e+007 -9,66450e+001  1,47147e-005 -8,99992e+001
 3,16228e+007 -9,68450e+001  1,43798e-005 -8,99992e+001
 3,23594e+007 -9,70450e+001  1,40525e-005 -8,99992e+001
 3,31131e+007 -9,72450e+001  1,37326e-005 -8,99992e+001
 3,38844e+007 -9,74450e+001  1,34200e-005 -8,99992e+001
 3,46737e+007 -9,76450e+001  1,31145e-005 -8,99992e+001
 3,54813e+007 -9,78450e+001  1,28160e-005 -8,99993e+001
 3,63078e+007 -9,80450e+001  1,25243e-005 -8,99993e+001
 3,71535e+007 -9,82450e+001  1,22392e-005 -8,99993e+001
 3,80189e+007 -9,84450e+001  1,19606e-005 -8,99993e+001
 3,89045e+007 -9,86450e+001  1,16883e-005 -8,99993e+001
 3,98107e+007 -9,88450e+001  1,14223e-005 -8,99993e+001
 4,07380e+007 -9,90450e+001  1,11623e-005 -8,99994e+001
 4,16869e+007 -9,92450e+001  1,09082e-005 -8,99994e+001
 4,26580e+007 -9,94450e+001  1,06599e-005 -8,99994e+001
 4,36516e+007 -9,96450e+001  1,04172e-005 -8,99994e+001
 4,46684e+007 -9,98450e+001  1,01801e-005 -8,99994e+001
 4,57088e+007 -1,00045e+002  9,94837e-006 -8,99994e+001
 4,67735e+007 -1,00245e+002  9,72192e-006 -8,99994e+001
 4,78630e+007 -1,00445e+002  9,50062e-006 -8,99995e+001
 4,89779e+007 -1,00645e+002  9,28436e-006 -8,99995e+001
 5,01187e+007 -1,00845e+002  9,07302e-006 -8,99995e+001
 5,12861e+007 -1,01045e+002  8,86650e-006 -8,99995e+001
 5,24807e+007 -1,01245e+002  8,66467e-006 -8,99995e+001
 5,37032e+007 -1,01445e+002  8,46744e-006 -8,99995e+001
 5,49541e+007 -1,01645e+002  8,27470e-006 -8,99995e+001
 5,62341e+007 -1,01845e+002  8,08634e-006 -8,99995e+001
 5,75440e+007 -1,02045e+002  7,90227e-006 -8,99995e+001
 5,88844e+007 -1,02245e+002  7,72240e-006 -8,99996e+001
 6,02560e+007 -1,02445e+002  7,54661e-006 -8,99996e+001
 6,16595e+007 -1,02645e+002  7,37483e-006 -8,99996e+001
 6,30957e+007 -1,02845e+002  7,20696e-006 -8,99996e+001
 6,45654e+007 -1,03045e+002  7,04291e-006 -8,99996e+001
 6,60693e+007 -1,03245e+002  6,88259e-006 -8,99996e+001
 6,76083e+007 -1,03445e+002  6,72593e-006 -8,99996e+001
 6,91831e+007 -1,03645e+002  6,57283e-006 -8,99996e+001
 7,07946e+007 -1,03845e+002  6,42321e-006 -8,99996e+001
 7,24436e+007 -1,04045e+002  6,27700e-006 -8,99996e+001
 7,41310e+007 -1,04245e+002  6,13412e-006 -8,99996e+001
 7,58578e+007 -1,04445e+002  5,99449e-006 -8,99997e+001
 7,76247e+007 -1,04645e+002  5,85804e-006 -8,99997e+001
 7,94328e+007 -1,04845e+002  5,72469e-006 -8,99997e+001
 8,12831e+007 -1,05045e+002  5,59438e-006 -8,99997e+001
 8,31764e+007 -1,05245e+002  5,46704e-006 -8,99997e+001
 8,51138e+007 -1,05445e+002  5,34259e-006 -8,99997e+001
 8,70964e+007 -1,05645e+002  5,22098e-006 -8,99997e+001
 8,91251e+007 -1,05845e+002  5,10214e-006 -8,99997e+001
 9,12011e+007 -1,06045e+002  4,98600e-006 -8,99997e+001
 9,33254e+007 -1,06245e+002  4,87250e-006 -8,99997e+001
 9,54993e+007 -1,06445e+002  4,76159e-006 -8,99997e+001
 9,77237e+007 -1,06645e+002  4,65320e-006 -8,99997e+001
 1,00000e+008 -1,06845e+002  4,54728e-006 -8,99997e+001
 1,02329e+008 -1,07045e+002  4,44378e-006 -8,99997e+001
 1,04713e+008 -1,07245e+002  4,34262e-006 -8,99998e+001
 1,07152e+008 -1,07445e+002  4,24377e-006 -8,99998e+001
 1,09648e+008 -1,07645e+002  4,14717e-006 -8,99998e+001
 1,12202e+008 -1,07845e+002  4,05277e-006 -8,99998e+001
 1,14815e+008 -1,08045e+002  3,96052e-006 -8,99998e+001
 1,17490e+008 -1,08245e+002  3,87037e-006 -8,99998e+001
 1,20226e+008 -1,08445e+002  3,78227e-006 -8,99998e+001
 1,23027e+008 -1,08645e+002  3,69617e-006 -8,99998e+001
 1,25893e+008 -1,08845e+002  3,61204e-006 -8,99998e+001
 1,28825e+008 -1,09045e+002  3,52982e-006 -8,99998e+001
 1,31826e+008 -1,09245e+002  3,44947e-006 -8,99998e+001
 1,34896e+008 -1,09445e+002  3,37095e-006 -8,99998e+001
 1,38038e+008 -1,09645e+002  3,29422e-006 -8,99998e+001
 1,41254e+008 -1,09845e+002  3,21923e-006 -8,99998e+001
 1,44544e+008 -1,10045e+002  3,14595e-006 -8,99998e+001
 1,47911e+008 -1,10245e+002  3,07434e-006 -8,99998e+001
 1,51356e+008 -1,10445e+002  3,00436e-006 -8,99998e+001
 1,54882e+008 -1,10645e+002  2,93597e-006 -8,99998e+001
 1,58489e+008 -1,10845e+002  2,86914e-006 -8,99998e+001
 1,62181e+008 -1,11045e+002  2,80383e-006 -8,99998e+001
 1,65959e+008 -1,11245e+002  2,74001e-006 -8,99998e+001
 1,69824e+008 -1,11445e+002  2,67764e-006 -8,99998e+001
 1,73780e+008 -1,11645e+002  2,61669e-006 -8,99999e+001
 1,77828e+008 -1,11845e+002  2,55713e-006 -8,99999e+001
 1,81970e+008 -1,12045e+002  2,49892e-006 -8,99999e+001
 1,86209e+008 -1,12245e+002  2,44204e-006 -8,99999e+001
 1,90546e+008 -1,12445e+002  2,38645e-006 -8,99999e+001
 1,94984e+008 -1,12645e+002  2,33213e-006 -8,99999e+001
 1,99526e+008 -1,12845e+002  2,27904e-006 -8,99999e+001
 2,04174e+008 -1,13045e+002  2,22716e-006 -8,99999e+001
 2,08930e+008 -1,13245e+002  2,17647e-006 -8,99999e+001
 2,13796e+008 -1,13445e+002  2,12692e-006 -8,99999e+001
 2,18776e+008 -1,13645e+002  2,07851e-006 -8,99999e+001
 2,23872e+008 -1,13845e+002  2,03120e-006 -8,99999e+001
 2,29087e+008 -1,14045e+002  1,98496e-006 -8,99999e+001
 2,34423e+008 -1,14245e+002  1,93978e-006 -8,99999e+001
 2,39883e+008 -1,14445e+002  1,89562e-006 -8,99999e+001
 2,45471e+008 -1,14645e+002  1,85247e-006 -8,99999e+001
 2,51189e+008 -1,14845e+002  1,81031e-006 -8,99999e+001
 2,57040e+008 -1,15045e+002  1,76910e-006 -8,99999e+001
 2,63027e+008 -1,15245e+002  1,72883e-006 -8,99999e+001
 2,69153e+008 -1,15445e+002  1,68948e-006 -8,99999e+001
 2,75423e+008 -1,15645e+002  1,65102e-006 -8,99999e+001
 2,81838e+008 -1,15845e+002  1,61344e-006 -8,99999e+001
 2,88403e+008 -1,16045e+002  1,57671e-006 -8,99999e+001
 2,95121e+008 -1,16245e+002  1,54082e-006 -8,99999e+001
 3,01995e+008 -1,16445e+002  1,50575e-006 -8,99999e+001
 3,09030e+008 -1,16645e+002  1,47147e-006 -8,99999e+001
 3,16228e+008 -1,16845e+002  1,43798e-006 -8,99999e+001
 3,23594e+008 -1,17045e+002  1,40525e-006 -8,99999e+001
 3,31131e+008 -1,17245e+002  1,37326e-006 -8,99999e+001
 3,38844e+008 -1,17445e+002  1,34200e-006 -8,99999e+001
 3,46737e+008 -1,17645e+002  1,31145e-006 -8,99999e+001
 3,54813e+008 -1,17845e+002  1,28160e-006 -8,99999e+001
 3,63078e+008 -1,18045e+002  1,25243e-006 -8,99999e+001
 3,71535e+008 -1,18245e+002  1,22392e-006 -8,99999e+001
 3,80189e+008 -1,18445e+002  1,19606e-006 -8,99999e+001
 3,89045e+008 -1,18645e+002  1,16883e-006 -8,99999e+001
 3,98107e+008 -1,18845e+002  1,14223e-006 -8,99999e+001
 4,07380e+008 -1,19045e+002  1,11623e-006 -8,99999e+001
 4,16869e+008 -1,19245e+002  1,09082e-006 -8,99999e+001
 4,26580e+008 -1,19445e+002  1,06599e-006 -8,99999e+001
 4,36516e+008 -1,19645e+002  1,04172e-006 -8,99999e+001
 4,46684e+008 -1,19845e+002  1,01801e-006 -8,99999e+001
 4,57088e+008 -1,20045e+002  9,94837e-007 -8,99999e+001
 4,67735e+008 -1,20245e+002  9,72192e-007 -8,99999e+001
 4,78630e+008 -1,20445e+002  9,50062e-007 -8,99999e+001
 4,89779e+008 -1,20645e+002  9,28436e-007 -8,99999e+001
 5,01187e+008 -1,20845e+002  9,07302e-007 -8,99999e+001
 5,12861e+008 -1,21045e+002  8,86650e-007 -8,99999e+001
 5,24807e+008 -1,21245e+002  8,66467e-007 -9,00000e+001
 5,37032e+008 -1,21445e+002  8,46744e-007 -9,00000e+001
 5,49541e+008 -1,21645e+002  8,27470e-007 -9,00000e+001
 5,62341e+008 -1,21845e+002  8,08634e-007 -9,00000e+001
 5,75440e+008 -1,22045e+002  7,90227e-007 -9,00000e+001
 5,88844e+008 -1,22245e+002  7,72240e-007 -9,00000e+001
 6,02560e+008 -1,22445e+002  7,54661e-007 -9,00000e+001
 6,16595e+008 -1,22645e+002  7,37483e-007 -9,00000e+001
 6,30957e+008 -1,22845e+002  7,20696e-007 -9,00000e+001
 6,45654e+008 -1,23045e+002  7,04291e-007 -9,00000e+001
 6,60693e+008 -1,23245e+002  6,88259e-007 -9,00000e+001
 6,76083e+008 -1,23445e+002  6,72593e-007 -9,00000e+001
 6,91831e+008 -1,23645e+002  6,57283e-007 -9,00000e+001
 7,07946e+008 -1,23845e+002  6,42321e-007 -9,00000e+001
 7,24436e+008 -1,24045e+002  6,27700e-007 -9,00000e+001
 7,41310e+008 -1,24245e+002  6,13412e-007 -9,00000e+001
 7,58578e+008 -1,24445e+002  5,99449e-007 -9,00000e+001
 7,76247e+008 -1,24645e+002  5,85804e-007 -9,00000e+001
 7,94328e+008 -1,24845e+002  5,72469e-007 -9,00000e+001
 8,12831e+008 -1,25045e+002  5,59438e-007 -9,00000e+001
 8,31764e+008 -1,25245e+002  5,46704e-007 -9,00000e+001
 8,51138e+008 -1,25445e+002  5,34259e-007 -9,00000e+001
 8,70964e+008 -1,25645e+002  5,22098e-007 -9,00000e+001
 8,91251e+008 -1,25845e+002  5,10214e-007 -9,00000e+001
 9,12011e+008 -1,26045e+002  4,98600e-007 -9,00000e+001
 9,33254e+008 -1,26245e+002  4,87250e-007 -9,00000e+001
 9,54993e+008 -1,26445e+002  4,76159e-007 -9,00000e+001
 9,77237e+008 -1,26645e+002  4,65320e-007 -9,00000e+001
 1,00000e+009 -1,26845e+002  4,54728e-007 -9,00000e+001
